16 16
46 44 39 53 32 30 28 26 27 29 31 22 10 10 63 126 
114 50 42 41 38 30 29 29 28 30 22 10 11 10 37 134 
111 112 110 107 106 94 78 59 46 20 11 10 10 11 14 17 
122 128 129 128 124 120 117 117 116 33 11 10 10 10 15 23 
117 119 123 126 121 112 106 102 100 56 12 10 11 12 14 12 
132 124 117 114 99 86 83 81 82 66 10 10 11 11 10 35 
137 129 113 81 36 33 33 35 39 46 17 13 11 11 10 12 
126 135 60 33 38 38 39 41 40 41 30 16 10 10 10 9 
118 124 102 90 93 94 86 75 69 47 12 11 12 15 12 10 
132 131 131 133 168 183 173 140 100 71 15 13 48 28 23 24 
136 136 179 207 217 216 211 189 141 110 19 19 65 45 12 65 
131 139 161 193 204 214 212 203 180 155 34 15 18 54 65 43 
129 133 142 120 133 173 182 180 151 108 51 17 11 44 84 23 
101 123 134 125 119 128 130 127 110 98 82 76 11 24 57 12 
56 101 113 108 86 80 83 92 95 90 92 88 22 15 56 60 
10 37 57 64 64 32 18 117 160 164 160 164 163 161 157 160 
