128 128
163 151 162 85 83 190 241 252 249 121 107 82 20 19 233 226 45 81 142 31 86 8 87 39 167 5 212 208 82 130 119 117 27 153 74 237 88 61 106 82 54 213 36 74 104 142 173 149 95 60 53 181 196 140 221 108 17 50 61 226 180 180 89 207 206 35 61 39 223 167 249 150 252 30 224 102 44 14 123 140 202 48 66 143 188 159 123 206 209 184 177 135 236 138 214 187 46 21 99 14 60 220 164 58 122 6 32 167 147 27 52 221 76 245 236 136 150 104 214 104 160 9 111 142 147 71 201 65 
219 172 207 151 137 243 81 5 121 113 44 14 13 96 107 89 213 89 225 108 193 185 85 99 66 68 113 85 11 186 151 230 104 103 254 113 91 80 118 85 194 34 99 79 2 206 168 216 167 10 69 106 67 26 77 133 95 62 219 106 248 115 209 97 90 208 83 53 33 201 138 99 236 109 178 238 188 218 71 100 229 13 78 168 39 27 47 6 89 138 240 83 125 194 52 215 19 135 140 179 209 151 24 62 132 74 172 192 165 244 38 11 2 243 179 168 16 98 175 232 236 160 60 106 226 240 193 245 
120 206 169 201 102 65 8 106 12 53 44 177 42 209 60 171 197 239 84 85 83 131 63 191 36 250 43 134 235 108 124 101 59 166 174 33 103 183 140 115 236 56 164 150 10 224 66 207 81 22 165 36 154 228 227 62 223 142 69 204 251 65 177 182 231 96 88 207 151 100 194 4 156 104 154 166 200 92 245 153 242 155 189 13 0 34 202 224 176 16 45 44 82 222 227 185 190 60 137 214 160 77 218 188 53 245 99 125 209 216 24 196 117 85 209 244 119 29 213 41 45 130 85 127 224 184 58 160 
116 67 119 148 16 209 81 69 199 52 67 26 14 91 222 3 48 49 247 168 78 78 81 123 208 38 123 178 223 53 210 84 247 201 233 9 155 186 78 227 239 145 253 253 108 92 128 157 141 120 197 91 70 23 87 24 61 210 74 156 135 29 113 127 230 218 136 2 149 87 229 133 104 227 3 213 65 131 242 78 124 56 170 194 79 2 90 12 84 164 169 219 65 154 218 40 117 100 43 11 59 144 17 163 117 20 248 54 24 235 132 20 36 174 86 242 176 177 0 132 213 41 96 24 195 60 191 57 
32 234 195 91 124 212 254 113 105 248 167 1 100 171 21 9 91 107 123 139 156 250 17 115 36 240 11 103 172 202 32 76 54 100 167 50 57 39 35 34 159 74 35 131 245 183 12 208 163 136 220 64 131 237 51 40 94 62 15 139 137 48 215 63 148 128 113 77 39 148 112 198 222 19 201 84 75 214 38 238 95 3 174 98 112 226 138 78 160 154 217 169 74 178 232 94 178 217 171 217 237 155 32 76 47 105 161 122 64 71 232 31 201 151 2 185 249 140 8 155 166 226 196 112 21 174 206 199 
8 250 33 246 150 192 67 69 42 100 191 234 171 168 137 244 192 139 174 186 152 55 86 190 153 155 48 174 74 126 245 209 121 150 200 144 214 13 213 128 240 22 107 157 62 245 18 254 1 193 186 153 248 144 89 18 44 137 192 245 8 54 200 2 204 17 146 35 157 231 163 143 253 143 45 61 5 63 187 6 128 245 160 248 135 249 11 51 3 75 169 138 129 241 140 205 3 158 240 161 135 149 49 5 37 221 193 42 156 126 175 30 116 80 150 123 201 162 47 76 109 216 215 239 202 227 189 205 
3 47 238 10 68 32 15 105 253 209 19 27 207 194 57 195 147 79 64 93 113 111 170 223 199 2 207 18 101 13 223 104 187 207 114 0 111 2 105 237 211 251 9 163 191 193 103 83 17 39 48 131 22 90 99 93 219 178 111 66 63 80 42 251 159 29 251 15 31 229 124 114 225 133 149 33 71 124 243 89 36 37 92 58 127 191 152 92 241 135 30 49 215 199 45 246 228 42 134 131 16 3 245 113 137 11 147 80 136 135 169 172 172 6 102 172 69 126 136 55 7 38 105 94 237 22 213 211 
64 92 214 207 222 77 66 231 88 85 57 96 220 226 140 10 105 243 54 46 241 190 102 120 228 79 215 210 101 45 38 38 137 253 117 231 75 55 208 35 140 10 132 233 108 17 243 85 132 42 132 246 104 106 111 204 185 198 159 158 243 70 68 252 195 186 229 142 241 182 177 254 192 181 232 172 71 220 3 203 134 135 66 110 241 178 59 43 248 218 73 237 160 142 234 100 200 80 242 58 7 37 57 71 218 34 244 34 126 119 110 132 254 176 242 112 226 46 27 220 137 227 74 42 114 53 15 186 
6 129 245 13 166 47 212 2 209 73 36 80 192 146 85 191 195 72 175 166 119 202 131 128 46 77 170 161 3 57 219 9 187 209 149 225 129 106 227 83 179 136 35 116 154 120 179 94 65 99 6 56 173 9 184 220 87 226 253 90 29 89 226 88 44 120 58 45 227 158 128 23 39 35 140 193 28 191 160 93 163 166 21 208 47 205 45 6 176 170 223 205 5 194 165 49 187 224 94 159 254 94 54 38 1 66 103 29 3 8 249 166 46 15 246 221 92 37 227 14 207 68 91 212 134 2 133 66 
98 227 97 97 193 152 7 195 218 237 96 93 246 218 131 164 105 123 130 198 160 230 84 239 43 175 197 49 49 75 116 147 175 85 116 113 109 250 53 73 233 22 38 96 240 170 5 90 38 136 33 70 111 117 54 26 165 123 75 214 199 63 234 246 149 222 104 130 218 30 203 68 52 114 164 164 29 41 254 194 177 160 136 160 149 190 186 186 186 134 18 2 197 252 248 218 219 97 94 54 254 169 249 178 28 158 87 184 200 214 123 249 119 4 155 140 67 213 199 125 92 217 127 162 214 120 125 50 
89 91 232 89 133 226 12 161 2 100 218 74 186 213 68 177 90 95 62 157 54 6 154 146 223 26 53 54 146 51 232 107 142 209 196 20 180 81 54 54 53 17 128 239 102 197 161 192 164 95 221 218 229 120 110 197 146 35 124 164 86 101 17 101 55 85 248 107 166 174 162 91 63 162 75 166 104 108 103 141 204 70 104 178 190 86 247 209 122 243 118 80 89 7 53 16 93 47 124 131 221 158 223 30 65 170 196 42 151 44 183 100 241 32 150 177 246 14 131 113 3 121 65 92 1 119 109 94 
166 105 97 4 8 192 34 200 235 102 242 131 19 170 103 5 75 253 182 66 12 185 51 15 179 116 108 180 107 89 146 145 194 243 150 74 53 56 19 33 31 134 36 50 49 139 55 251 137 110 189 21 167 112 164 91 101 144 16 208 233 162 99 44 23 121 118 203 177 9 108 208 143 144 130 65 28 186 188 37 168 123 185 80 235 94 172 81 238 60 162 88 223 6 132 118 127 122 66 176 132 174 2 20 63 132 212 218 190 146 127 103 14 184 56 121 24 228 75 134 33 237 223 128 115 100 246 114 
95 57 35 227 103 164 119 38 169 204 1 104 95 0 80 236 185 136 102 81 109 49 87 14 31 55 15 18 28 6 132 123 191 40 222 166 204 213 205 118 162 206 95 2 79 175 110 136 183 85 89 164 134 176 178 38 232 193 56 132 72 189 127 135 229 94 46 50 179 251 169 87 75 136 216 26 183 72 162 111 157 251 20 163 44 70 201 148 9 3 25 208 192 152 215 166 118 6 216 170 130 2 129 77 10 90 103 193 34 10 49 63 133 69 227 49 140 173 198 21 176 223 101 240 248 61 23 238 
194 112 25 69 114 154 146 252 117 121 190 151 3 112 87 136 53 59 186 65 104 1 86 153 96 59 138 89 247 162 200 187 19 225 128 5 252 147 129 114 13 65 137 17 49 224 25 102 155 83 168 5 84 126 30 181 58 40 142 50 202 214 237 93 185 111 226 182 130 227 168 143 164 50 32 213 20 58 61 175 13 101 52 98 227 82 151 30 123 38 208 197 253 190 163 55 173 6 109 48 233 22 64 143 72 96 228 219 26 34 12 40 7 64 10 107 19 161 9 14 71 217 83 196 153 246 123 198 
124 232 119 230 126 55 245 71 23 218 35 50 125 47 217 132 239 227 239 3 5 249 17 203 211 100 145 236 219 13 52 215 118 171 190 244 98 180 187 121 144 223 43 141 142 5 18 126 104 3 1 236 124 18 185 80 246 75 189 82 215 241 42 78 29 105 195 127 157 127 248 46 222 37 59 237 169 78 108 19 208 110 0 77 0 57 29 118 132 218 200 220 76 115 43 105 220 110 104 122 110 98 41 204 7 100 186 48 50 40 194 3 22 67 80 22 124 110 13 129 200 213 94 22 200 9 127 37 
120 232 160 102 202 73 51 81 45 110 129 96 22 196 99 44 8 52 193 132 162 78 6 107 37 100 129 109 110 129 147 102 233 179 76 180 252 254 133 169 109 134 10 131 75 237 47 83 34 113 216 196 191 94 175 100 195 177 210 177 51 229 151 29 153 227 81 150 226 86 64 208 220 202 211 41 184 131 124 218 116 212 31 179 52 206 25 119 0 107 41 51 208 192 207 106 36 160 128 7 246 64 87 212 11 44 125 67 175 249 30 36 207 188 215 131 140 112 250 12 91 36 64 44 100 143 150 136 
176 150 15 167 215 103 251 226 19 121 39 194 243 196 102 67 130 62 198 142 47 193 154 10 101 90 55 201 234 77 209 27 228 224 194 188 199 63 31 218 56 70 29 44 139 131 111 14 66 54 28 240 119 54 250 220 145 50 166 251 0 247 23 228 89 89 33 33 24 64 124 81 7 25 252 146 157 109 32 95 35 60 80 27 114 202 247 131 253 31 127 125 23 22 98 112 239 131 18 8 195 14 89 202 39 87 220 196 68 252 163 230 184 115 2 171 63 122 47 188 153 47 58 48 196 156 161 180 
159 51 189 226 65 150 174 104 109 11 173 177 9 81 25 193 69 27 109 132 21 29 65 174 203 123 223 144 151 1 70 55 179 131 26 244 26 72 220 136 84 138 185 220 92 210 158 33 110 140 165 131 41 102 178 244 225 18 5 248 146 75 48 70 206 201 59 105 146 151 113 230 162 43 195 126 126 225 159 236 237 69 239 150 171 34 139 13 52 145 6 198 92 181 140 171 254 71 148 145 223 6 247 130 49 59 1 175 30 160 28 139 101 140 35 144 174 46 157 99 63 35 169 156 216 55 199 215 
253 92 233 221 98 225 223 19 30 96 67 187 128 95 198 229 107 233 118 154 152 147 125 215 182 39 243 15 221 187 231 220 151 81 58 249 51 27 141 208 250 208 12 124 175 211 225 28 61 216 182 213 108 52 46 163 218 34 178 185 94 26 22 117 107 207 239 31 234 125 239 102 78 252 226 253 80 68 26 141 29 80 227 10 4 18 173 223 179 223 25 145 250 174 8 229 126 247 5 233 117 245 80 195 114 178 65 194 246 92 207 21 44 179 158 49 69 203 144 249 171 169 11 38 215 19 13 86 
138 18 64 0 135 16 67 121 194 133 187 186 97 140 79 13 64 109 62 134 57 78 0 100 119 11 139 79 31 24 38 41 169 102 42 177 246 236 43 185 241 231 243 210 116 194 224 52 175 158 58 232 237 58 205 228 197 89 53 100 240 91 141 154 65 183 203 56 37 247 114 150 95 229 106 83 41 202 135 216 105 66 194 214 124 16 188 66 105 113 166 217 204 53 243 141 108 192 70 17 184 184 168 151 30 146 234 71 93 241 33 70 52 99 157 49 115 217 242 92 75 26 181 151 79 169 164 59 
106 234 204 162 35 117 58 66 8 164 137 228 151 42 43 75 13 200 124 0 34 112 219 109 10 145 132 216 60 42 20 166 148 96 74 184 213 4 250 93 169 4 193 192 174 237 12 187 54 9 188 89 248 24 70 3 170 75 219 230 244 111 13 137 208 87 66 38 219 188 4 133 193 197 70 112 51 209 171 233 90 231 194 83 1 136 86 171 211 177 18 72 34 31 210 114 119 148 152 83 82 28 88 147 226 30 4 149 111 47 127 202 24 66 30 152 203 244 68 31 38 86 104 72 117 186 58 108 
79 83 63 161 111 23 180 209 53 184 104 37 104 231 239 0 170 14 152 245 130 92 21 169 178 125 113 167 183 172 148 8 0 83 41 111 234 222 66 159 23 42 196 127 18 180 127 60 67 151 50 197 243 72 111 38 69 97 206 253 14 226 133 14 181 174 252 160 141 190 65 37 232 6 36 123 187 164 183 126 60 234 68 176 178 52 214 119 149 37 244 163 8 122 49 190 169 173 222 182 109 32 219 86 166 1 81 98 37 10 224 224 116 164 145 166 216 105 157 237 142 147 17 23 141 66 85 55 
112 52 238 221 85 202 179 123 75 6 93 112 143 189 82 131 98 99 169 187 204 71 169 219 218 59 242 105 252 72 32 109 124 15 75 81 90 0 204 165 133 42 150 148 231 104 24 202 203 65 134 153 136 175 117 227 234 104 204 232 48 236 86 172 252 34 126 214 161 75 124 39 245 146 187 93 250 83 40 199 148 174 224 156 222 213 128 201 62 77 50 237 186 137 154 183 171 152 14 77 100 10 243 90 157 47 183 152 2 224 223 22 15 192 178 237 150 52 56 84 1 106 66 187 243 93 242 31 
245 1 235 217 139 95 52 41 14 108 193 16 204 34 38 219 226 89 74 122 13 130 206 14 108 145 74 224 238 188 0 100 62 108 63 201 203 242 242 90 95 52 106 171 86 17 8 58 106 82 52 119 84 130 5 192 147 206 161 2 140 34 103 202 142 38 148 217 152 7 179 120 59 31 36 18 175 44 203 153 253 0 17 209 2 149 147 150 101 180 152 241 214 127 60 228 37 208 63 190 215 242 55 146 145 91 36 65 8 239 218 133 111 107 88 241 2 235 136 230 160 160 88 247 33 148 92 70 
101 155 5 188 15 187 206 160 151 243 98 159 99 188 37 83 41 125 69 170 232 205 17 10 110 105 129 15 253 221 86 99 249 218 159 9 151 237 41 174 97 139 78 197 73 242 25 241 240 94 156 89 171 173 99 26 23 100 169 148 67 0 247 188 90 23 197 113 5 110 32 103 250 237 172 195 97 69 181 82 163 209 171 79 254 143 232 22 243 146 170 182 18 34 115 236 184 184 221 61 40 254 36 162 108 208 102 205 22 155 32 57 109 76 8 108 91 113 2 206 131 44 134 22 205 121 3 6 
178 224 67 90 95 104 124 204 184 226 154 79 253 59 136 107 135 17 87 226 130 216 49 6 5 183 155 82 177 158 88 227 0 27 189 222 131 58 171 188 29 198 12 27 2 20 6 9 37 220 107 39 181 156 173 58 212 73 140 134 232 100 233 104 127 167 71 131 225 115 64 126 58 76 25 60 96 158 69 6 123 176 45 49 77 218 234 161 37 246 167 141 91 145 245 90 184 188 221 154 48 157 152 106 233 177 38 202 80 234 208 75 27 125 251 105 89 230 138 253 93 51 139 184 196 1 147 126 
189 240 152 110 143 50 216 121 99 127 195 180 106 148 127 134 19 124 111 235 226 249 233 65 45 244 121 114 245 13 240 51 254 9 161 142 59 250 135 159 122 76 211 228 96 83 234 242 79 90 94 51 212 72 116 2 61 237 116 178 251 228 230 122 238 136 136 169 131 16 73 125 219 156 226 61 112 205 175 191 168 15 242 125 214 103 127 148 213 116 71 81 216 46 203 199 55 84 241 58 227 186 184 192 88 155 125 200 232 172 8 145 187 123 15 19 98 15 167 56 3 238 137 219 157 212 36 212 
41 22 142 141 208 71 205 168 98 202 240 203 119 249 93 179 117 236 198 87 123 110 144 253 93 26 89 122 111 125 79 24 19 222 165 100 165 115 13 136 62 126 84 54 120 49 233 109 157 48 196 152 158 212 150 123 111 112 246 222 109 197 246 129 36 29 101 74 144 114 210 79 240 166 5 232 87 238 213 117 158 27 141 61 111 164 56 222 21 174 61 130 117 53 131 25 82 232 99 98 219 181 49 76 92 54 181 52 164 139 41 67 38 182 0 22 91 57 244 112 231 51 243 220 231 246 246 185 
224 90 155 188 17 205 9 236 131 190 160 41 202 201 235 112 129 236 134 92 165 251 205 13 174 65 234 150 56 97 207 152 187 107 85 76 184 95 185 61 157 90 102 104 164 209 89 165 190 223 2 100 219 79 114 138 144 220 160 73 62 112 225 121 92 56 198 21 23 0 82 52 217 56 29 126 11 118 36 73 213 166 46 178 245 32 188 7 252 221 80 186 78 50 52 42 233 122 64 128 122 18 53 85 202 82 83 213 72 247 158 30 158 204 80 148 236 141 155 105 107 107 36 57 30 216 100 8 
83 164 9 78 54 62 35 1 16 245 86 88 237 245 118 140 66 71 161 48 212 188 25 64 168 189 121 198 150 221 78 105 2 214 55 57 21 90 185 37 208 17 252 190 7 116 203 73 187 236 248 144 41 19 80 209 208 201 152 230 168 103 80 42 62 8 99 211 225 30 120 178 174 118 114 181 106 189 126 165 170 247 181 211 138 6 166 218 207 190 193 247 38 145 35 101 153 6 57 251 163 177 174 82 167 33 8 18 222 7 183 9 126 109 221 9 115 4 227 195 194 37 187 105 54 94 206 80 
101 135 76 9 184 250 92 97 156 227 115 250 106 171 5 232 25 98 241 13 102 85 208 41 249 12 146 176 107 224 1 208 231 204 89 161 71 181 130 227 26 117 95 132 33 100 110 186 70 223 71 172 181 24 85 47 163 104 223 15 73 96 95 177 172 57 210 244 238 85 88 136 74 183 14 235 155 251 38 225 91 109 14 17 5 100 192 168 204 32 56 149 129 23 198 173 80 153 162 191 110 251 72 57 51 213 37 207 209 75 49 46 184 64 190 189 36 127 229 240 160 30 6 161 181 205 79 6 
230 242 69 213 110 142 15 161 227 52 240 182 254 35 228 183 226 163 244 7 36 218 119 68 121 252 229 47 74 53 180 50 167 122 135 22 136 150 56 108 202 41 35 73 203 135 1 174 44 117 53 207 207 172 147 73 42 121 247 116 46 45 38 214 167 173 108 175 195 164 28 14 78 64 87 26 199 215 73 115 77 126 194 30 171 86 230 85 79 95 201 126 12 112 212 51 157 65 226 98 102 254 112 180 190 200 78 7 160 151 249 110 150 189 140 193 147 242 23 227 82 224 98 221 208 55 17 111 
247 243 81 221 115 193 18 50 10 97 184 171 120 179 153 142 240 165 80 132 152 103 104 107 200 202 73 153 129 91 136 249 79 217 215 194 156 106 117 38 203 46 81 195 97 234 83 82 144 35 215 42 139 64 21 84 139 94 109 140 185 246 6 137 208 222 203 236 73 65 20 148 239 101 215 81 81 170 164 225 206 251 139 217 60 160 46 71 0 155 84 57 18 90 66 227 184 15 80 2 207 100 22 63 74 110 17 155 25 181 252 103 49 9 65 236 169 111 53 41 139 9 226 157 99 37 1 29 
179 82 158 4 54 53 194 128 163 211 155 60 9 25 164 58 34 229 40 203 213 220 117 224 229 88 253 73 252 0 229 49 209 133 53 8 58 247 9 221 76 164 153 85 189 62 144 223 164 184 44 122 149 161 218 250 121 216 68 118 88 170 167 42 175 92 178 233 212 187 71 33 223 224 245 158 32 134 253 68 190 169 62 211 202 25 206 68 241 147 59 75 62 98 244 237 63 167 215 20 99 31 180 195 127 170 98 31 177 223 99 112 10 161 69 212 58 147 153 172 39 84 119 101 54 108 210 117 
148 170 9 119 73 189 59 73 232 29 104 154 253 204 138 8 237 79 92 168 227 245 85 138 201 204 112 1 184 67 118 77 110 0 197 55 61 1 128 38 31 233 64 156 54 203 36 163 27 0 76 254 118 33 138 64 109 122 65 39 189 56 243 44 56 57 227 244 59 100 28 217 205 219 245 4 167 153 40 195 153 116 66 16 22 76 81 131 198 18 42 5 74 31 176 2 88 148 119 19 249 19 108 71 238 98 203 151 251 243 218 22 231 156 38 253 233 246 130 48 10 172 53 211 75 230 86 164 
123 205 55 244 224 164 188 207 7 136 230 131 124 193 153 100 222 63 226 200 55 228 248 65 17 174 21 93 149 107 129 144 184 184 6 153 220 194 233 100 202 208 231 71 19 1 43 241 64 141 58 119 114 178 56 132 224 78 225 118 57 226 135 114 27 13 12 248 79 117 93 26 198 196 224 217 197 12 75 133 154 5 253 140 55 54 17 25 4 114 15 189 85 150 48 240 35 187 233 114 50 71 12 248 12 236 82 81 249 29 214 20 161 84 160 216 11 50 241 142 36 2 76 249 24 251 234 60 
56 212 46 106 155 59 226 39 167 180 120 161 81 206 53 242 36 86 203 47 8 62 61 44 64 10 38 215 6 144 147 62 228 194 40 128 125 138 167 37 63 159 71 144 111 251 3 19 209 207 193 217 14 254 134 205 9 44 165 143 189 58 77 162 124 245 36 121 128 75 30 64 107 101 80 218 225 84 109 179 163 47 142 49 173 21 254 183 65 36 198 126 221 20 34 217 137 197 210 11 144 241 202 251 214 27 214 184 111 68 109 146 242 123 195 161 16 66 216 208 230 159 80 196 51 241 31 189 
183 241 72 72 99 19 196 59 46 155 115 30 96 96 176 210 219 117 116 107 183 204 61 158 235 13 227 32 126 130 93 181 243 165 253 88 184 66 19 102 222 134 132 190 231 54 17 67 171 6 175 226 210 108 2 191 248 101 95 119 103 188 45 91 98 170 51 154 237 70 1 76 205 134 138 181 60 155 248 103 161 40 74 244 148 203 180 13 176 20 132 24 80 177 116 178 93 167 204 202 238 205 23 60 84 161 113 144 61 233 119 95 19 194 84 39 14 9 53 191 156 185 215 236 235 203 31 200 
116 235 147 226 57 170 158 14 203 16 30 136 249 150 231 140 89 60 180 230 196 105 166 224 35 127 77 142 202 108 87 63 215 234 161 18 21 64 32 224 80 189 106 202 84 82 87 45 15 12 21 83 117 187 53 25 186 130 167 134 111 127 69 71 106 103 216 0 167 120 224 120 55 202 67 139 157 154 185 172 39 206 0 28 10 180 180 69 56 220 75 167 92 144 110 70 247 199 70 32 64 167 152 246 114 91 131 16 117 188 60 156 11 188 57 21 113 237 217 41 74 37 80 166 182 191 237 46 
7 179 78 71 91 102 190 78 193 193 221 56 126 154 84 137 87 141 30 72 251 120 114 70 157 194 237 84 2 91 3 9 15 81 208 234 56 143 57 249 81 23 50 79 177 135 88 136 148 245 209 144 110 195 87 13 6 69 224 136 32 227 145 174 181 225 153 237 113 210 103 66 106 26 145 155 33 233 37 181 224 118 198 79 185 30 92 191 226 189 72 3 161 90 49 214 60 203 68 46 30 172 112 8 198 3 164 231 108 73 29 204 191 99 29 248 129 248 184 227 182 129 102 216 219 152 47 151 
100 116 197 2 160 182 11 103 57 175 206 165 120 107 115 56 207 16 176 208 136 105 181 64 106 155 152 197 52 199 221 24 187 163 27 92 217 165 67 19 85 145 57 205 253 44 133 77 60 54 157 196 31 210 132 10 111 156 207 35 101 45 60 33 209 214 253 43 124 65 63 81 211 247 158 81 36 163 30 223 89 187 36 247 143 169 2 254 197 82 161 43 127 221 204 208 52 202 252 48 139 187 129 95 51 159 48 87 67 78 182 156 11 218 149 26 4 151 152 202 105 58 117 233 152 193 58 204 
140 55 125 152 114 254 119 165 31 168 124 98 118 51 0 1 142 21 27 18 44 51 220 150 110 210 0 7 148 58 83 161 241 208 58 227 80 49 138 111 217 7 209 81 186 81 209 73 229 237 218 19 33 56 41 15 11 41 22 31 226 233 64 84 186 249 57 11 44 67 249 6 201 204 214 132 157 169 77 132 23 41 23 183 97 64 199 235 232 93 11 75 198 76 160 130 70 89 13 114 156 8 248 229 84 79 234 113 120 56 117 143 224 140 199 193 204 143 45 181 108 184 129 52 132 161 54 74 
250 194 189 23 74 54 252 30 5 231 144 126 160 6 14 1 147 85 67 223 100 112 22 209 168 151 133 45 57 187 120 52 253 181 202 73 235 71 103 240 48 247 111 80 126 253 208 145 210 20 113 56 5 135 137 173 158 15 219 215 74 211 139 72 137 86 145 117 30 121 229 205 240 213 30 111 83 110 1 38 131 242 221 8 249 103 53 153 118 144 113 64 100 125 9 237 83 154 226 113 147 73 63 133 31 220 244 241 76 118 151 79 105 118 87 99 221 140 252 212 157 238 21 2 108 30 240 63 
57 211 177 204 29 240 209 187 78 199 45 154 189 197 233 39 187 192 10 153 204 135 237 106 245 131 109 225 33 221 33 217 177 210 167 79 68 121 138 146 192 184 172 126 253 22 37 185 214 175 210 163 55 65 142 45 196 123 142 229 89 175 192 138 3 231 89 198 224 228 216 34 29 133 32 154 155 70 211 241 245 38 21 172 103 163 89 44 31 231 146 247 23 210 131 26 58 220 224 154 65 57 188 94 190 221 248 217 163 76 203 25 115 97 197 218 5 31 135 164 134 153 156 157 108 159 56 38 
125 152 192 190 210 126 157 17 219 22 107 254 99 182 24 214 24 93 177 157 251 57 66 130 210 94 159 190 254 215 228 124 113 38 186 195 164 88 212 0 111 64 254 82 247 150 41 16 243 218 45 239 148 111 114 230 78 145 38 77 106 138 73 219 176 131 159 212 220 243 212 203 53 83 30 172 233 198 60 93 33 106 77 181 89 63 29 167 209 67 244 187 77 189 151 254 66 182 211 158 42 41 233 222 124 135 139 230 78 72 195 238 50 18 165 139 208 66 52 34 5 168 221 82 230 244 81 168 
43 38 71 86 206 176 53 202 56 65 49 6 137 245 244 187 135 26 198 88 219 250 123 224 36 89 52 138 206 5 51 249 170 122 80 121 170 134 69 98 71 118 231 208 108 92 12 243 119 210 204 83 78 199 180 241 160 104 124 111 109 175 106 25 169 186 18 84 192 214 54 8 78 30 88 58 122 100 174 113 183 250 197 133 194 249 119 99 98 115 211 207 162 62 104 76 120 123 32 58 209 86 66 32 243 155 218 110 127 9 224 182 4 38 60 70 32 51 169 2 166 252 209 73 186 186 21 52 
181 180 110 135 138 48 40 126 75 130 109 75 139 78 2 15 243 190 85 20 241 126 22 153 251 103 98 182 161 247 234 87 172 216 95 56 137 135 54 212 10 163 159 21 113 162 163 101 97 120 248 210 118 142 108 114 246 79 42 152 71 148 112 115 110 207 43 247 214 225 76 96 133 236 117 247 15 25 220 239 17 214 194 135 101 175 250 219 126 164 244 69 57 101 184 167 180 100 31 139 70 235 235 75 88 224 67 103 121 160 87 138 119 153 18 220 73 140 57 71 49 46 140 107 147 70 146 72 
42 50 83 112 30 63 187 118 159 127 93 25 32 52 35 23 205 53 115 151 66 172 222 115 218 108 222 237 50 241 181 92 36 9 76 66 199 135 56 103 134 149 0 38 201 35 61 151 216 49 174 27 221 142 142 57 122 237 39 44 223 221 136 4 230 84 197 47 219 253 150 99 147 23 137 93 58 71 116 146 120 36 173 86 50 188 143 172 170 55 88 138 21 96 14 123 180 211 170 16 209 193 115 228 216 125 66 146 68 54 38 188 90 211 146 12 144 162 56 186 217 144 196 110 240 210 233 165 
38 149 54 119 214 41 92 175 166 30 193 234 85 231 39 47 60 186 187 76 93 243 8 182 133 76 37 245 32 15 28 197 36 82 189 250 123 26 42 162 184 236 13 141 84 53 60 144 239 247 221 204 236 101 131 241 49 168 231 208 183 131 151 92 213 85 87 209 238 2 116 167 238 129 180 67 182 241 84 38 233 177 242 86 150 245 72 199 158 176 153 214 52 49 51 138 6 10 92 244 139 80 29 122 209 209 62 9 195 146 174 46 195 34 132 90 24 77 34 55 125 187 14 49 108 192 187 114 
74 151 231 214 231 5 208 58 86 15 67 154 33 241 200 228 20 204 63 172 26 225 227 151 157 241 73 138 50 5 252 251 29 100 210 5 105 36 63 192 178 2 91 212 244 163 57 136 112 248 53 139 218 25 162 247 138 107 130 60 113 0 184 142 100 11 19 206 47 210 15 226 212 233 55 201 141 112 210 125 105 135 136 68 33 171 61 43 23 191 231 136 63 160 150 164 171 42 242 219 252 2 190 209 107 245 28 120 229 110 245 80 245 127 20 23 43 81 194 66 145 170 75 208 75 97 244 246 
139 231 82 8 233 144 218 212 6 118 77 236 228 68 61 90 195 208 241 238 35 180 176 52 95 251 132 42 221 122 160 105 98 243 241 204 132 204 161 139 194 239 247 39 52 180 129 119 133 115 229 40 167 150 92 7 19 97 176 240 219 82 217 189 70 203 138 74 24 172 85 218 28 77 2 207 2 4 71 136 119 172 176 159 67 141 38 213 238 215 198 74 42 33 8 239 236 19 58 6 191 16 96 219 93 226 43 223 230 114 231 221 158 24 125 225 165 164 56 20 124 126 94 38 159 230 22 141 
249 207 19 57 223 115 148 189 213 191 157 188 177 133 155 80 157 152 177 195 61 233 215 57 232 182 95 136 157 244 149 23 197 40 207 37 28 100 226 241 163 0 175 85 5 202 37 163 99 214 230 161 65 62 218 42 116 186 50 145 175 200 168 244 112 120 27 140 92 125 127 0 126 174 212 131 121 249 166 220 209 13 253 146 76 89 188 64 20 238 210 195 55 250 185 168 116 212 180 80 209 52 81 207 98 165 211 219 160 122 57 241 8 182 132 211 16 192 20 36 175 230 232 103 226 162 143 214 
246 68 39 72 248 247 25 91 30 236 183 190 230 112 176 238 39 180 194 56 117 87 92 37 62 196 12 160 230 155 246 93 96 158 166 89 150 191 52 180 172 107 242 19 219 35 3 4 215 69 187 77 156 24 242 91 93 126 123 68 27 115 162 250 18 73 84 40 136 8 93 180 116 80 199 207 116 74 211 203 144 15 153 172 40 140 135 5 11 4 73 165 119 107 160 137 180 116 177 188 252 15 113 113 223 58 65 211 4 149 159 148 164 57 193 76 69 73 81 208 204 27 118 68 134 151 77 187 
139 127 120 136 14 234 249 237 164 187 193 168 208 225 189 244 154 127 66 224 72 19 177 22 46 167 217 53 190 40 240 75 167 105 211 181 211 78 36 120 137 101 161 90 198 95 79 98 94 17 194 38 37 243 60 210 27 150 8 218 62 120 38 229 98 121 27 54 199 190 175 81 164 81 43 107 48 123 205 142 12 16 180 176 4 113 132 32 135 12 250 197 5 160 43 103 26 197 157 98 133 204 51 42 157 95 21 205 90 227 219 102 115 17 24 120 2 28 152 137 167 19 206 172 51 249 20 77 
63 50 47 196 254 99 110 29 194 132 234 29 231 71 3 91 215 27 83 217 182 107 226 95 253 49 12 49 43 160 254 106 210 46 175 81 17 157 110 211 161 217 112 9 33 116 228 120 15 56 209 198 36 180 165 34 101 177 84 144 209 83 122 36 1 169 118 19 72 228 102 105 62 215 115 222 203 88 87 90 16 41 160 52 93 70 87 194 120 171 210 74 126 205 111 254 119 101 18 63 201 248 169 9 208 156 231 28 244 191 118 5 232 24 185 198 94 17 137 86 60 220 161 58 170 144 57 161 
245 203 225 191 68 11 200 21 167 49 176 28 240 166 160 89 62 90 32 29 234 42 115 166 7 21 224 49 165 154 210 27 229 52 219 42 190 164 190 229 213 238 2 70 149 35 160 212 125 192 113 232 106 228 143 113 122 240 34 159 139 117 187 240 169 151 27 232 187 89 206 18 72 81 88 221 116 120 50 113 58 163 90 164 137 106 150 131 91 56 35 102 173 222 87 215 245 114 192 178 203 15 196 20 96 156 113 212 22 164 71 207 199 33 243 208 139 10 84 102 67 120 204 112 214 36 72 205 
22 136 128 97 152 196 244 120 224 103 78 246 139 21 70 83 181 59 37 193 196 248 40 8 113 245 121 73 26 65 23 49 74 23 18 226 219 8 91 60 111 41 179 250 189 249 205 243 180 114 181 122 108 93 2 93 83 250 166 237 61 61 158 135 84 176 233 175 184 196 108 40 110 32 162 171 26 240 159 79 226 212 73 79 51 75 45 134 71 211 243 4 145 146 11 101 68 116 149 124 184 2 37 39 34 71 83 187 56 114 138 28 72 211 234 123 32 24 129 230 108 245 106 125 136 244 226 76 
232 247 201 161 121 110 73 27 181 156 215 110 142 225 10 214 182 244 209 86 141 211 61 121 201 39 246 209 28 89 31 5 82 104 38 203 214 111 231 12 139 63 122 27 33 132 113 87 122 68 173 135 151 234 1 97 145 119 51 173 208 209 50 162 185 89 111 16 72 214 29 212 149 151 111 182 156 224 142 150 37 60 30 188 167 158 157 57 22 81 103 102 162 153 10 93 114 248 236 59 207 10 16 101 34 254 155 190 223 42 85 133 103 242 193 142 145 96 199 39 49 174 141 211 200 151 49 59 
144 31 118 96 168 6 69 74 5 97 9 101 11 221 234 241 208 172 128 225 140 73 9 189 247 151 146 192 47 67 124 64 225 114 32 11 248 102 85 125 71 95 226 82 188 77 69 14 250 197 239 7 142 121 197 7 17 88 199 191 27 195 0 253 182 160 9 175 7 94 45 205 61 144 32 122 221 101 136 88 44 247 96 186 113 165 193 130 125 10 194 152 77 66 22 4 226 158 179 105 125 97 55 186 241 88 180 79 61 61 168 105 54 136 164 167 173 229 170 43 111 236 195 189 47 90 193 146 
248 245 251 118 214 179 177 200 139 102 151 200 164 191 51 90 199 87 129 117 61 44 160 45 25 228 234 200 63 44 91 183 161 87 47 120 138 96 192 22 198 216 223 234 152 146 196 97 233 71 214 166 115 247 211 13 92 62 213 155 234 49 210 12 8 129 133 147 225 197 41 169 158 9 20 183 155 217 25 5 33 111 172 20 230 0 33 67 190 118 94 41 167 50 53 48 179 58 67 150 1 108 191 31 118 83 214 145 45 111 151 205 95 195 226 70 67 131 138 2 250 104 170 162 154 224 82 206 
27 149 228 155 3 164 187 248 247 18 138 165 130 34 115 97 229 86 167 42 218 177 171 85 154 87 247 53 183 202 131 210 96 104 238 226 13 42 219 133 187 103 170 189 9 30 31 111 244 71 153 79 248 196 164 19 155 28 73 83 230 204 166 199 181 149 170 194 63 135 199 250 110 114 185 119 17 216 230 6 32 0 212 153 69 121 172 224 21 117 53 252 194 91 68 120 112 238 186 175 245 3 42 100 244 227 220 6 61 67 139 220 68 96 245 137 89 35 233 111 24 158 235 218 249 48 210 106 
158 14 153 149 144 68 249 133 40 86 140 228 154 151 66 94 248 56 103 209 218 208 65 243 112 172 78 233 92 161 212 251 175 110 145 64 178 11 69 91 225 209 191 124 106 2 90 226 186 65 180 149 18 118 137 130 162 216 109 0 122 66 123 169 48 140 105 99 151 174 62 248 1 253 117 234 1 79 77 187 144 2 81 163 247 91 38 155 179 19 27 173 212 150 87 6 35 64 232 58 238 39 52 111 37 41 90 165 121 39 224 137 42 178 45 161 14 211 188 65 102 215 238 60 110 197 193 17 
6 170 203 116 81 127 100 245 40 62 156 33 102 125 171 16 175 88 177 61 44 111 126 19 71 109 79 54 51 144 198 184 59 18 173 140 145 18 130 58 207 158 91 54 156 7 70 76 223 248 138 139 231 9 158 47 246 237 228 169 253 44 226 57 62 16 69 80 161 72 138 113 102 229 168 3 109 238 207 204 103 217 88 79 98 247 254 216 101 99 131 100 143 229 29 206 245 226 31 151 43 41 9 17 142 177 148 251 33 100 200 136 189 161 88 32 153 214 121 126 58 252 226 202 226 128 153 216 
99 56 112 14 224 248 31 111 171 179 235 76 151 52 84 212 213 172 117 238 131 238 110 190 107 208 9 78 81 34 166 180 90 150 66 186 143 98 42 186 149 149 7 173 202 92 2 32 9 119 16 13 102 253 75 209 206 84 159 33 118 197 85 80 92 152 11 236 122 180 39 143 75 47 188 149 139 191 181 20 55 69 160 30 67 235 111 19 64 143 179 182 85 136 134 178 160 145 31 27 71 70 43 18 244 231 167 0 167 93 148 95 163 53 252 102 161 108 121 97 251 172 25 209 54 31 132 214 
177 35 114 120 232 157 138 222 5 50 94 45 15 242 12 50 168 9 153 74 244 146 171 113 64 68 67 245 100 71 76 149 106 190 14 210 219 24 177 225 74 144 142 216 131 154 12 44 163 37 245 24 55 162 137 119 102 76 236 202 147 58 96 125 120 237 81 85 6 130 182 207 19 69 169 151 95 53 67 3 217 58 154 17 92 37 9 194 113 245 14 6 175 237 3 41 220 84 253 98 215 180 51 106 121 92 129 216 17 197 91 234 127 245 251 219 154 132 30 13 250 44 146 170 27 21 83 119 
106 81 217 193 133 13 44 126 232 174 214 249 243 177 228 115 168 97 206 194 101 236 207 96 26 225 139 180 247 222 44 225 176 6 35 181 147 79 180 251 125 139 246 240 62 91 100 102 60 178 41 162 160 121 3 58 218 14 238 82 109 27 179 30 160 214 83 179 166 8 176 36 20 167 22 209 130 249 56 191 173 224 98 78 90 228 8 181 243 246 8 224 145 188 254 177 147 209 102 185 90 150 222 237 189 116 191 64 110 119 127 155 88 225 105 51 71 113 232 186 104 112 155 121 172 26 44 192 
107 18 122 197 168 89 179 102 77 115 38 188 106 166 215 195 8 66 246 79 179 95 137 156 79 37 22 252 190 193 189 43 211 56 240 124 18 37 98 95 24 9 155 131 175 116 71 183 182 189 135 233 156 17 134 235 182 157 232 117 95 38 160 52 222 18 48 240 55 19 207 79 28 235 82 75 223 25 130 150 86 10 0 242 155 135 95 82 37 72 71 4 238 104 183 205 122 104 190 49 123 14 0 23 249 83 98 217 108 228 239 195 111 240 182 11 120 149 220 29 94 163 33 77 12 89 27 6 
193 89 55 61 230 56 211 225 139 54 59 119 154 44 59 10 156 114 148 148 8 240 177 102 149 82 51 33 171 78 40 109 39 95 42 15 23 253 240 162 52 171 27 79 215 213 89 243 72 110 136 208 95 185 182 116 13 234 150 56 184 190 166 224 157 80 239 181 79 96 215 3 12 114 82 100 73 44 88 17 26 97 97 248 27 25 110 167 4 5 224 188 67 7 29 224 87 13 22 38 236 238 42 121 97 251 221 170 167 181 60 65 23 157 59 178 182 169 90 58 46 59 247 113 66 21 209 26 
162 232 64 143 215 233 136 57 102 102 100 141 156 160 207 51 62 11 229 245 52 65 175 98 251 167 211 190 61 165 216 95 14 25 110 229 131 247 159 233 221 4 119 122 164 71 46 98 209 20 215 6 212 136 104 81 175 187 16 236 225 232 203 239 129 59 86 132 51 245 110 17 249 102 12 30 173 58 0 0 205 216 6 35 224 238 116 144 170 132 253 12 236 201 124 237 132 210 115 183 200 97 73 66 199 85 223 245 15 223 245 220 56 123 127 152 106 243 169 149 247 167 161 100 240 30 83 118 
240 70 46 57 39 246 123 239 203 218 101 218 59 218 56 242 86 183 140 193 172 54 87 36 93 248 137 78 151 92 68 136 34 242 66 73 233 189 184 182 25 157 145 84 120 73 198 207 2 210 145 46 9 104 82 229 97 91 53 120 55 121 2 89 235 68 35 214 129 219 141 26 249 158 237 114 104 181 66 106 136 83 24 18 187 233 247 157 70 172 22 125 166 24 87 146 219 122 105 221 213 118 247 207 149 230 67 253 156 5 231 164 89 127 182 21 105 175 178 47 219 201 45 130 97 132 22 189 
254 254 155 84 118 147 164 139 122 231 9 150 108 240 60 197 112 114 91 89 161 14 137 126 87 182 1 185 59 150 246 185 150 146 141 140 38 50 24 33 153 33 55 7 145 242 204 129 229 167 218 135 182 100 6 141 27 135 198 213 30 189 15 52 80 157 64 246 207 88 151 106 248 206 113 10 66 189 139 40 102 230 175 156 75 54 42 230 61 113 60 218 47 76 16 128 233 80 246 185 41 142 163 161 220 148 44 31 83 55 198 57 30 246 213 233 45 127 80 106 240 140 69 160 88 212 160 193 
165 151 251 78 165 159 239 130 53 28 34 8 211 104 65 241 95 150 219 140 149 171 118 135 57 60 167 17 17 72 211 182 223 207 5 133 111 117 135 36 17 41 44 228 146 236 87 241 131 178 254 26 95 117 33 24 49 200 41 67 144 252 121 112 204 254 117 188 243 252 224 132 39 14 233 57 250 65 43 254 243 169 152 83 159 57 107 208 129 21 147 18 18 14 130 95 140 119 28 0 116 124 132 27 10 110 84 6 47 0 132 36 169 29 246 73 213 226 154 87 247 46 105 137 187 107 232 72 
226 132 199 214 2 204 114 139 59 198 145 107 70 149 15 112 50 6 57 8 232 211 95 96 3 72 234 190 179 83 135 22 88 79 237 90 155 96 101 215 166 247 194 109 13 209 221 64 87 150 72 65 107 40 33 110 112 12 172 164 96 52 58 184 4 167 146 159 8 247 246 47 111 57 28 125 11 121 61 226 16 133 163 123 173 196 105 31 209 150 67 177 74 125 233 78 38 251 110 173 115 228 92 227 31 120 224 169 241 30 12 130 35 175 125 209 117 231 112 71 126 51 120 200 176 98 151 86 
221 133 5 81 233 224 180 136 90 149 178 203 51 190 205 214 111 76 168 228 179 152 171 177 75 163 249 251 133 145 210 99 150 215 180 1 184 106 137 146 127 60 222 51 123 172 10 234 120 50 79 44 202 250 221 22 158 216 145 163 233 100 7 1 187 187 2 244 165 11 135 165 72 229 216 195 19 226 46 139 21 125 184 95 247 22 244 22 238 134 185 89 107 192 90 39 251 92 28 162 230 36 72 174 137 160 241 156 131 32 41 24 157 97 119 149 119 108 171 103 114 228 64 221 165 154 133 162 
118 161 196 93 69 140 13 207 45 254 108 176 159 21 200 188 118 191 83 238 44 126 213 158 100 22 252 137 48 130 44 166 163 112 131 233 252 16 57 42 16 165 90 47 59 162 235 177 98 190 32 14 62 117 45 34 139 42 43 59 44 215 225 207 72 229 57 197 245 114 111 133 152 202 180 211 236 161 5 207 96 38 93 30 155 138 191 167 52 235 226 96 195 69 176 12 43 233 81 33 220 193 167 117 12 92 73 120 253 78 72 222 243 166 252 144 176 189 183 229 169 154 197 236 223 118 120 11 
224 202 172 189 140 84 51 152 48 251 17 174 201 217 141 190 0 10 206 176 199 134 150 240 33 220 221 129 83 87 12 52 161 184 113 46 140 164 70 61 32 214 235 234 48 248 169 48 3 247 225 75 126 247 187 31 212 26 32 41 240 45 220 146 229 79 192 242 115 134 48 148 220 28 127 14 148 168 62 23 160 32 225 158 25 158 61 237 184 94 150 41 139 243 187 240 67 251 227 54 130 147 202 95 47 74 109 195 114 44 91 146 76 61 49 228 219 111 83 20 77 105 61 216 93 120 73 32 
116 173 87 118 65 34 214 113 236 195 180 95 111 16 242 60 78 163 33 169 146 243 62 223 94 250 56 187 116 130 220 104 48 52 223 240 213 54 225 194 121 151 162 233 39 21 38 244 184 198 159 76 187 93 171 153 88 228 212 76 230 177 181 150 101 149 135 187 75 106 126 196 129 33 174 40 54 84 30 111 155 61 59 87 154 230 112 114 75 69 191 50 119 117 200 92 138 208 24 213 186 151 26 187 56 73 227 238 157 129 94 57 190 25 16 216 0 128 203 76 70 139 253 189 128 71 153 138 
24 178 223 210 201 249 14 2 67 241 112 225 116 78 154 178 103 43 12 104 171 215 52 113 226 177 174 99 248 73 109 144 251 77 226 197 71 240 71 139 227 56 236 215 134 7 10 238 50 149 87 94 109 11 207 207 188 127 51 54 200 32 198 68 109 170 137 181 27 80 192 254 136 173 86 16 180 224 254 103 118 213 197 228 96 149 52 156 148 104 210 220 8 26 33 118 68 42 44 95 123 236 222 131 26 180 147 78 149 18 181 13 103 123 113 199 145 165 101 38 141 183 4 150 209 164 13 22 
207 184 245 202 37 212 78 190 137 98 13 32 116 67 172 220 62 30 36 207 67 137 246 209 66 122 231 147 158 244 42 110 45 32 184 82 116 135 17 253 233 157 157 221 224 74 58 32 231 95 111 171 104 229 125 170 96 228 190 0 89 232 237 134 136 39 88 252 174 105 250 152 134 25 118 231 226 49 135 75 144 246 246 248 221 243 36 189 216 226 61 50 75 44 56 211 83 144 208 129 121 75 26 0 100 16 103 72 65 238 19 209 102 10 75 68 125 111 129 86 209 191 8 29 107 64 240 62 
208 193 191 74 13 89 201 241 105 50 185 43 33 204 124 135 214 199 75 211 182 77 42 136 13 177 165 247 241 150 181 66 215 244 140 229 78 86 87 55 136 17 98 42 221 95 49 52 39 125 8 222 74 177 103 214 99 141 206 85 163 4 151 124 248 163 225 198 121 57 253 130 74 224 172 167 191 93 219 230 90 99 69 164 21 173 123 120 186 201 77 94 205 100 218 198 135 60 13 1 244 139 3 63 235 175 102 171 141 66 146 231 165 216 141 58 6 136 50 64 83 254 158 33 99 249 104 106 
54 117 235 44 128 238 234 108 31 82 24 172 20 43 20 58 131 161 116 137 170 167 201 253 166 231 158 138 225 7 244 152 252 96 68 125 80 47 234 111 1 130 155 22 173 175 80 49 209 68 186 124 235 4 122 19 236 25 157 78 160 18 230 29 115 43 154 67 218 5 178 219 136 78 113 54 125 65 104 79 134 162 203 241 39 197 5 147 95 34 225 0 180 73 29 167 243 55 234 206 61 29 43 197 234 28 251 104 221 227 184 100 7 4 213 46 202 219 193 42 125 35 169 50 235 70 217 224 
125 68 47 186 97 217 0 76 246 124 53 212 96 237 184 103 241 14 21 60 105 214 229 231 122 143 153 102 213 243 198 211 56 246 142 154 80 15 102 71 139 155 155 107 9 211 83 123 226 104 183 76 191 158 179 58 173 78 32 4 66 231 215 122 94 229 148 174 244 123 118 128 23 145 108 33 102 191 28 200 40 211 148 231 241 73 161 32 23 66 36 89 42 251 83 8 225 104 182 215 227 45 215 122 63 68 27 165 131 55 237 172 139 130 20 252 75 54 29 98 120 65 59 34 61 15 42 159 
119 224 246 218 142 78 85 205 19 240 242 150 40 96 67 51 98 215 49 174 14 78 144 134 16 76 40 204 91 82 108 210 178 226 45 192 50 130 14 69 242 128 219 28 224 159 206 68 246 0 114 5 206 130 11 222 206 51 43 42 5 24 124 183 250 169 121 172 172 135 241 159 9 78 59 105 109 11 45 227 138 31 232 216 162 115 55 113 38 99 28 43 123 24 226 118 194 219 163 238 227 21 14 108 99 201 213 80 84 131 52 222 162 156 56 69 143 111 55 181 210 210 224 78 234 68 69 45 
159 232 28 131 253 170 111 225 116 197 177 72 73 102 166 235 130 222 177 19 79 104 72 34 59 169 240 38 109 54 84 13 158 239 17 28 26 128 125 14 70 48 86 143 22 253 251 152 220 173 43 44 22 116 206 208 30 191 246 11 117 202 24 20 59 41 175 85 42 46 227 112 221 58 128 243 56 124 12 149 169 56 193 63 44 144 16 201 207 134 212 69 82 108 216 13 22 137 225 64 55 197 48 148 1 176 136 184 172 20 78 213 203 144 21 247 160 37 65 113 172 22 54 126 3 16 139 25 
25 236 89 207 179 137 100 52 186 108 236 230 0 60 189 204 76 82 68 236 120 134 221 164 28 21 162 31 164 46 183 61 27 17 13 78 27 240 130 213 93 112 60 220 44 249 169 247 77 110 228 69 244 195 105 144 216 12 48 252 185 231 58 84 121 71 163 148 56 165 233 21 149 165 241 65 32 28 57 236 138 31 50 254 98 27 15 186 39 63 183 96 167 241 180 160 57 215 53 240 126 158 133 147 68 246 213 100 146 15 208 29 173 3 155 16 157 171 202 68 106 130 164 18 116 217 178 45 
49 103 157 47 133 162 195 74 26 153 46 172 40 0 74 214 130 229 230 33 145 178 101 252 180 138 142 42 100 193 214 149 168 244 197 47 151 137 121 177 162 39 95 202 39 169 161 170 15 9 203 161 187 176 30 239 59 172 153 159 237 113 181 151 102 123 198 125 132 191 48 39 230 15 241 142 56 20 57 71 29 132 104 88 180 134 72 112 179 226 16 161 211 69 184 58 64 254 183 196 62 103 107 165 118 94 52 46 241 236 118 15 240 94 230 165 229 47 22 25 145 166 58 101 107 115 31 172 
114 87 113 177 190 221 87 181 187 139 99 45 247 89 187 232 184 162 14 30 81 164 55 227 75 240 200 182 100 104 226 215 191 85 9 253 178 223 179 110 234 151 27 226 240 214 203 169 121 89 199 74 253 126 46 200 239 119 128 84 223 99 171 31 56 52 29 234 20 81 216 254 232 243 225 217 74 45 132 195 135 203 15 5 202 188 206 186 179 206 142 19 177 186 50 234 238 80 85 4 33 174 3 10 34 101 227 109 18 231 176 153 52 63 31 254 124 237 57 48 188 199 195 110 130 245 216 241 
197 47 245 230 93 120 112 127 93 212 108 112 188 30 137 112 220 168 238 89 22 40 10 210 112 205 66 114 67 154 100 137 201 217 112 166 210 225 39 48 182 19 32 242 49 42 227 142 82 210 231 105 123 113 60 107 190 253 221 3 153 67 140 226 156 124 138 111 221 49 32 20 68 191 135 245 233 107 132 61 189 235 166 184 94 98 36 29 97 3 159 250 197 171 93 98 168 231 82 134 152 114 155 221 50 162 211 156 141 88 217 75 68 0 132 34 98 168 191 195 43 95 62 240 12 28 211 180 
131 38 186 29 24 213 250 201 120 78 102 6 38 191 209 233 63 86 13 162 254 204 229 43 171 164 155 55 192 111 107 68 21 39 97 172 252 219 246 245 169 220 251 79 157 77 58 92 163 198 254 35 19 229 78 190 138 105 246 202 89 98 15 237 9 240 155 7 76 146 124 246 111 120 197 140 198 0 233 233 198 104 13 89 205 218 25 88 69 143 162 158 241 178 12 123 35 167 130 111 185 126 229 169 246 172 54 61 44 159 167 115 9 180 204 214 144 229 175 85 117 82 115 231 132 127 99 167 
167 101 151 97 99 252 11 90 169 193 24 214 224 191 74 105 243 150 65 4 125 112 89 114 66 76 217 71 204 188 238 116 161 6 85 5 4 97 223 173 162 119 4 131 182 205 237 170 101 174 175 98 158 136 212 224 213 47 40 162 235 151 150 14 157 235 19 161 204 114 207 238 233 83 115 160 34 224 76 7 143 123 105 173 131 189 142 89 236 55 123 89 78 18 103 235 126 249 14 202 109 93 186 87 176 173 120 82 142 68 89 157 191 194 75 67 129 89 29 237 144 152 71 222 43 46 75 41 
41 216 115 22 54 46 109 230 219 101 185 233 169 19 135 232 86 82 172 87 172 201 69 188 225 13 28 140 59 103 181 227 191 42 249 245 215 231 92 52 204 22 30 119 169 38 96 0 120 13 87 164 86 156 98 57 41 126 197 101 101 251 200 37 165 67 27 125 170 246 49 119 14 207 110 183 245 207 183 237 92 142 147 179 43 117 236 85 243 50 58 89 46 130 126 211 69 25 209 239 16 3 231 157 210 86 212 72 38 12 182 131 154 201 182 70 63 163 27 51 213 85 12 132 87 138 215 157 
35 169 13 51 45 244 81 0 203 38 200 241 51 127 244 205 73 171 20 136 206 174 59 37 131 71 169 219 81 129 248 116 171 6 39 216 123 120 88 71 159 160 184 82 32 46 159 232 89 52 240 41 226 44 205 103 242 119 67 68 120 60 56 163 193 96 124 61 88 85 4 247 245 189 201 150 235 106 254 69 158 240 237 129 29 187 232 144 51 171 212 44 103 141 207 42 237 204 230 197 161 235 62 23 169 8 45 21 114 45 90 17 30 73 19 186 132 251 75 56 40 160 100 143 46 179 57 155 
0 33 97 33 140 31 57 54 40 102 202 154 19 164 44 49 237 63 108 242 186 183 43 226 215 143 115 133 194 172 160 67 77 3 100 217 34 157 143 201 132 90 101 151 0 17 73 109 80 181 96 11 236 139 238 197 154 225 75 94 142 236 161 220 111 6 182 17 36 71 91 40 33 192 63 33 81 136 143 161 62 111 44 171 251 27 113 150 252 60 116 12 168 149 232 151 28 31 41 64 229 132 231 8 69 39 41 150 176 56 183 110 168 227 26 36 127 11 186 251 199 175 8 112 69 112 136 97 
144 177 33 245 54 9 253 250 49 167 17 97 95 200 207 8 44 106 171 171 117 230 40 188 150 48 173 219 33 54 189 49 231 94 39 30 104 165 152 25 77 169 122 44 241 74 180 30 52 96 74 42 71 114 230 221 34 148 58 194 202 119 243 50 213 28 207 62 65 104 214 14 18 81 58 4 28 238 162 80 80 108 249 23 94 225 245 128 245 175 195 65 39 183 115 124 83 68 59 148 172 18 162 63 100 93 194 0 76 101 207 28 81 202 52 175 44 169 176 34 89 116 226 0 44 87 124 0 
27 183 148 71 202 183 134 174 21 201 46 97 174 253 253 1 72 50 176 116 219 224 23 53 85 249 180 2 208 49 2 235 233 22 179 52 205 185 98 98 131 144 68 51 142 66 52 215 243 100 203 207 70 226 132 27 93 57 156 173 106 158 154 211 53 205 135 130 135 233 229 12 122 169 63 10 235 242 97 223 87 172 47 29 144 179 57 109 108 213 27 86 244 53 170 169 3 50 44 11 29 145 23 151 59 213 33 166 72 130 6 159 48 53 61 64 104 245 45 84 203 72 171 64 253 86 105 128 
136 150 139 165 167 162 189 99 247 222 10 64 225 144 96 145 197 157 81 174 147 126 3 222 70 46 159 68 132 9 197 141 31 81 178 71 116 112 170 235 80 52 45 50 196 13 67 11 170 148 57 189 19 60 156 216 234 60 30 111 197 99 124 228 180 48 44 168 160 86 149 112 139 66 34 207 79 101 90 121 249 147 55 140 80 211 102 59 144 4 42 86 103 167 186 155 87 231 69 247 189 90 105 73 156 11 26 107 113 243 228 234 136 28 120 216 111 94 147 0 98 189 213 201 228 17 101 60 
120 42 53 54 4 30 128 160 168 26 139 26 14 112 6 22 12 253 110 124 219 2 251 62 192 210 135 37 227 108 98 92 151 23 18 155 53 146 188 93 44 199 120 186 57 253 208 69 123 64 65 87 193 62 21 130 144 156 168 243 9 138 207 32 161 225 60 86 117 120 179 33 64 171 219 121 169 45 63 164 236 128 251 174 62 17 177 206 45 217 194 55 100 146 214 6 117 19 219 106 139 143 139 76 60 231 197 101 148 132 11 129 133 7 175 195 152 97 147 197 186 86 124 31 233 211 164 222 
230 128 73 242 144 84 63 204 187 132 50 80 137 188 81 15 68 2 210 220 226 102 34 158 61 31 61 166 242 226 133 89 226 206 76 115 162 11 191 95 16 114 47 153 47 129 168 115 3 123 207 101 98 242 4 159 18 193 70 5 36 75 94 7 153 43 250 60 181 58 155 197 172 75 95 220 204 8 207 207 4 160 53 102 147 185 133 37 250 75 169 31 150 135 165 48 50 32 235 232 91 8 174 8 83 15 100 159 150 53 238 154 213 163 128 232 93 6 141 88 208 55 246 230 62 157 150 113 
189 131 90 152 139 9 161 94 151 133 253 47 186 236 73 16 144 202 120 110 80 6 70 161 188 62 136 251 91 32 109 152 163 199 50 174 80 83 140 104 216 138 23 20 246 96 163 135 170 156 117 123 34 188 29 223 122 165 219 85 197 200 237 232 16 159 23 223 242 163 72 76 46 95 96 164 64 131 172 234 32 34 102 67 94 3 35 88 169 126 173 238 198 28 216 86 59 239 54 174 20 254 250 193 94 218 103 30 94 20 10 254 181 239 66 21 243 228 236 29 226 27 12 41 182 100 127 241 
212 181 160 232 180 155 42 147 118 145 177 85 37 59 84 219 171 22 112 31 250 93 60 93 120 199 134 47 172 6 161 129 59 66 233 112 94 20 4 212 38 53 169 75 240 253 39 156 20 23 187 142 117 119 235 109 63 114 29 235 247 190 236 52 128 86 164 222 234 40 52 17 220 221 219 205 92 131 233 239 154 37 254 16 156 234 253 220 221 27 72 85 89 181 137 217 12 173 57 246 85 109 135 51 202 100 128 166 103 107 151 2 16 22 146 173 1 144 10 94 43 82 52 4 135 61 93 148 
235 150 11 192 131 19 115 79 246 244 245 94 223 13 96 239 35 242 29 164 3 39 130 173 249 182 177 129 244 16 149 96 38 161 33 170 52 149 249 43 10 111 9 233 252 232 89 32 220 119 68 95 30 199 14 24 253 191 154 242 79 48 83 118 81 244 33 133 138 154 48 148 10 57 253 7 35 214 167 127 205 235 94 236 51 108 5 50 172 31 37 251 80 248 114 33 237 147 167 247 173 87 12 184 17 137 63 179 96 102 51 174 210 145 155 6 126 160 183 43 192 93 39 144 213 26 177 67 
45 216 59 219 49 198 20 66 80 210 117 48 58 168 222 140 185 249 18 183 155 202 226 219 40 138 108 253 36 157 65 81 119 251 45 40 194 192 233 146 148 95 66 78 135 161 218 192 27 236 121 54 183 219 18 95 229 253 220 10 28 157 92 147 153 9 59 219 202 37 237 95 4 176 173 139 209 136 76 236 244 69 36 173 34 54 140 135 180 106 146 208 8 238 227 34 247 31 125 66 195 108 161 199 156 206 210 110 87 158 91 204 100 127 122 134 54 134 141 106 240 32 59 121 142 158 155 7 
61 25 73 1 5 235 72 161 58 154 16 18 57 235 222 157 234 89 163 33 223 50 11 81 209 197 202 97 100 229 104 161 254 177 34 132 29 106 38 88 5 182 106 190 162 73 219 141 34 0 47 129 50 58 82 131 1 29 228 228 130 204 135 2 127 169 134 28 148 44 116 153 226 94 215 133 39 180 147 73 180 194 75 102 252 157 233 125 59 79 99 189 28 106 191 27 20 197 56 168 242 44 194 213 11 154 219 50 206 111 251 131 50 71 105 174 100 211 45 159 35 16 221 63 122 29 218 14 
227 19 183 214 190 249 172 201 148 136 252 100 119 120 103 169 63 209 89 163 165 6 195 72 149 161 7 16 190 225 30 162 244 85 248 180 79 38 126 100 46 250 200 166 115 175 80 178 1 41 214 38 174 154 110 68 187 118 211 122 88 242 157 205 199 22 2 24 60 0 124 107 251 196 145 238 116 225 34 245 139 248 28 58 19 139 254 206 2 210 200 217 69 229 167 14 252 41 165 184 42 161 163 38 102 53 148 90 151 182 80 35 47 109 220 193 120 91 144 249 47 217 211 243 63 251 129 187 
37 39 117 79 200 152 244 174 206 10 137 229 64 89 136 112 70 101 50 190 193 67 184 112 156 13 100 219 9 230 152 173 141 141 253 214 38 114 5 116 124 14 90 189 104 226 173 46 200 223 237 10 162 38 122 190 51 94 155 187 196 179 106 210 65 231 169 103 90 174 220 215 189 182 21 165 154 194 211 226 34 65 236 197 104 230 132 27 196 159 87 138 83 193 93 148 41 134 124 131 180 216 218 241 143 239 151 169 50 235 140 85 45 121 154 21 223 158 49 165 63 136 48 146 201 13 167 242 
19 36 245 199 124 81 186 12 192 209 54 243 189 194 73 235 188 99 1 156 2 177 66 65 185 241 84 131 126 251 245 145 159 108 217 28 189 148 167 253 102 221 241 37 161 186 144 221 30 145 122 33 68 61 225 125 174 54 2 173 177 119 63 81 227 25 109 33 45 22 159 148 115 17 57 21 204 201 242 106 218 237 11 158 170 109 29 89 163 31 7 86 22 198 39 122 95 149 155 13 43 59 161 158 77 90 52 153 36 166 131 254 20 15 158 190 124 187 152 159 90 31 117 239 229 157 106 197 
178 7 210 93 193 243 123 142 205 47 167 241 214 171 112 234 186 142 42 182 201 194 213 163 225 76 148 72 105 254 141 155 133 223 120 199 83 243 86 33 36 126 146 122 42 3 228 228 18 15 27 91 81 112 0 179 60 20 123 165 19 9 192 25 232 57 224 187 46 182 220 209 53 111 203 95 114 176 195 4 64 94 96 17 207 223 196 12 243 64 50 7 200 242 159 49 45 0 236 218 183 201 44 108 57 247 204 44 40 16 175 231 111 16 121 190 239 62 202 227 254 252 107 71 112 138 121 29 
139 229 247 67 48 163 175 232 27 251 21 194 140 69 171 123 85 37 58 197 226 5 41 97 130 20 169 242 159 162 143 43 8 135 237 56 170 29 34 69 153 182 8 38 251 51 161 209 215 219 151 59 96 64 156 98 85 197 212 116 104 100 159 240 107 13 41 149 42 75 218 195 130 227 105 126 23 11 80 111 102 103 170 71 40 71 169 125 141 254 241 117 99 17 102 79 157 144 228 199 91 192 12 221 36 117 93 59 1 45 42 103 21 212 174 61 156 216 58 42 215 171 159 186 60 7 137 217 
23 111 33 114 175 172 81 211 35 46 142 163 91 185 138 239 142 58 45 43 146 230 212 233 18 117 164 78 251 174 167 19 30 201 133 205 118 214 161 25 5 48 60 224 105 199 208 248 2 126 163 20 228 248 253 247 110 34 197 233 208 110 252 110 183 2 60 173 217 93 71 94 14 131 190 119 75 144 239 204 142 20 224 115 13 94 234 250 1 177 228 81 159 97 192 214 99 124 132 61 218 203 28 104 207 218 223 27 234 80 104 121 100 200 109 240 40 215 235 168 137 80 249 168 177 186 127 21 
183 132 210 18 207 110 122 159 73 217 59 180 42 163 173 14 108 27 254 20 243 234 188 252 59 183 38 108 241 37 130 169 41 212 187 249 67 54 25 12 144 211 192 186 119 111 201 100 10 72 247 125 52 181 250 238 236 160 219 94 197 94 9 111 51 68 232 245 250 2 2 139 214 67 197 205 50 15 177 187 88 42 58 12 223 180 122 76 85 86 170 154 52 51 10 230 247 242 220 242 117 95 253 203 162 195 25 212 83 75 144 43 117 74 55 212 254 49 160 211 136 202 238 188 254 120 36 118 
235 1 232 97 96 230 172 130 42 69 214 252 144 104 40 133 50 222 90 177 17 122 133 153 70 243 213 196 109 249 59 89 123 36 58 91 11 102 222 180 171 181 178 188 157 218 66 208 186 29 130 75 151 135 100 221 124 58 162 105 180 93 194 175 129 124 11 12 226 105 65 142 32 243 202 61 78 14 141 136 170 16 211 66 24 56 160 20 242 67 125 167 161 191 214 162 60 225 175 158 76 112 172 235 100 120 41 50 6 183 187 176 71 143 242 222 200 147 114 187 87 239 226 120 47 185 27 107 
27 74 137 103 186 55 210 158 175 124 209 181 179 141 229 122 29 216 217 101 236 76 33 68 61 131 188 108 61 87 88 89 162 97 64 220 152 147 124 199 143 78 252 67 219 226 61 120 60 23 222 41 100 127 109 33 4 169 141 192 1 101 153 35 71 90 1 223 237 125 40 125 75 37 64 39 9 125 31 69 21 253 237 121 253 218 154 2 132 167 66 5 141 220 41 212 55 169 180 164 166 220 161 241 130 225 152 11 222 183 207 243 54 189 109 52 152 135 181 156 48 247 33 61 84 74 18 139 
115 70 48 26 163 209 12 38 51 164 176 19 220 128 134 19 62 116 198 86 251 124 114 171 243 147 232 73 94 122 84 209 193 133 108 101 214 120 11 138 157 187 29 122 60 163 141 249 24 211 207 148 207 66 191 195 85 41 140 179 163 225 6 101 230 114 74 61 234 85 199 8 17 228 130 204 9 143 198 160 99 22 180 51 88 117 119 174 158 4 225 193 101 231 167 203 217 241 10 69 199 81 77 88 182 208 38 191 223 108 96 68 3 22 119 91 11 110 137 41 115 235 234 88 83 18 37 46 
5 174 242 76 127 64 164 54 144 74 245 113 55 214 53 58 108 172 21 119 155 31 32 142 11 11 230 221 30 139 12 162 58 126 110 186 191 19 112 207 221 230 65 148 189 118 206 169 163 99 33 63 130 65 205 13 203 52 235 105 192 119 139 122 246 249 180 54 141 38 6 234 13 199 127 74 189 78 243 97 177 148 32 180 85 109 193 33 34 45 11 226 165 22 93 28 17 19 82 30 184 215 9 197 159 136 16 94 86 4 63 135 152 223 60 237 77 126 142 111 171 25 209 208 48 175 108 192 
66 190 222 250 23 103 192 182 239 80 21 70 84 212 77 108 180 138 217 129 9 231 113 52 2 67 133 177 242 241 114 180 49 208 175 72 56 112 126 167 64 20 109 148 232 186 128 157 196 217 158 205 194 16 130 68 211 135 245 70 121 231 251 42 56 171 114 112 156 241 151 220 6 5 241 110 63 114 139 5 77 42 82 143 186 212 211 142 92 73 212 86 49 208 128 105 252 115 89 153 101 240 245 234 117 231 89 180 218 228 185 167 142 13 182 73 97 138 215 62 83 45 148 4 125 148 236 122 
8 197 147 109 182 138 215 171 241 49 223 76 149 26 243 37 39 170 110 8 180 198 70 8 243 90 139 113 239 120 108 247 62 0 229 116 10 189 159 252 111 128 73 5 154 189 169 65 231 152 200 157 95 16 37 210 233 49 68 89 169 48 82 104 49 183 220 59 117 125 183 100 125 129 106 24 190 147 216 166 44 161 195 11 49 105 93 28 154 162 117 68 82 71 172 131 254 10 63 244 7 118 89 132 247 67 28 182 215 244 221 131 150 161 15 200 11 108 100 165 142 89 106 225 33 150 228 159 
160 36 148 39 155 238 171 19 177 199 74 9 188 40 141 211 201 28 28 85 136 0 122 151 216 228 121 249 251 94 154 28 3 174 68 158 29 239 49 207 56 123 216 116 163 229 72 237 2 227 67 11 227 189 162 61 35 155 55 31 249 81 59 124 1 127 154 157 239 204 109 167 72 198 28 108 172 228 90 47 200 29 185 45 218 92 233 125 247 33 156 113 242 88 238 115 87 137 17 71 213 254 238 31 197 139 11 241 112 101 160 184 130 90 101 220 54 79 218 46 240 246 32 227 79 142 214 167 
151 231 110 110 102 94 13 171 105 24 158 217 252 190 146 254 26 120 91 80 199 54 254 56 46 158 155 125 45 114 164 196 218 20 178 65 241 191 237 91 87 12 180 84 74 198 83 100 63 175 53 135 101 179 191 147 82 92 145 254 206 54 67 169 201 246 107 187 54 89 150 142 228 75 98 47 19 54 20 82 229 200 217 75 124 26 95 78 118 240 204 196 166 16 111 113 134 90 45 189 179 68 203 24 143 46 71 162 227 218 117 201 163 206 149 159 232 116 237 222 101 186 164 12 75 147 252 209 
237 170 15 33 238 218 57 126 137 0 161 109 219 150 183 127 228 204 32 206 65 141 45 38 73 209 177 148 101 175 229 83 90 245 116 200 80 45 198 89 46 104 71 10 126 254 137 100 75 41 178 140 183 223 178 128 178 100 148 151 147 122 107 237 239 95 182 65 141 126 26 187 102 97 69 229 223 206 201 43 120 124 55 48 219 105 48 142 206 196 166 225 190 18 208 175 113 7 112 254 5 138 58 108 236 127 209 204 206 27 120 71 151 175 246 115 153 39 130 231 107 168 201 42 186 154 217 171 
34 74 43 39 213 101 19 66 229 100 142 52 127 134 123 150 182 241 138 80 152 140 56 4 53 2 46 239 29 9 27 63 210 70 229 40 172 121 106 18 221 121 70 94 0 65 116 182 51 254 7 203 139 63 207 192 193 125 48 222 134 76 157 217 146 131 2 190 252 236 208 91 102 150 185 102 215 46 157 138 173 164 213 57 100 165 122 38 163 170 5 169 118 162 131 10 165 134 200 35 242 26 126 89 176 183 63 137 101 220 147 19 130 106 204 230 143 71 13 51 113 145 221 232 179 97 114 89 
103 186 251 90 212 249 51 6 49 115 143 151 80 35 42 82 13 246 184 157 189 69 208 48 86 174 152 10 144 11 227 247 69 95 83 154 90 6 160 139 121 48 162 74 210 205 28 224 196 85 253 3 26 206 51 113 253 75 123 142 86 222 134 27 63 89 181 25 96 86 164 89 6 72 163 217 149 64 58 90 149 56 220 175 134 16 160 132 91 29 19 49 123 26 77 186 115 3 211 83 217 248 173 223 192 208 57 86 17 242 48 38 170 14 86 50 157 246 182 249 147 202 170 143 228 119 74 215 
250 158 44 212 23 89 180 215 169 110 46 59 97 221 97 13 235 55 63 138 174 117 4 66 191 46 209 36 166 156 252 161 186 168 245 209 129 42 41 43 152 214 102 122 180 72 135 161 127 70 171 46 187 175 240 124 221 66 160 4 94 29 37 25 69 27 106 198 197 147 242 221 106 216 88 32 33 95 65 33 165 236 79 225 156 191 221 249 3 253 254 97 28 163 250 224 191 101 168 5 121 27 226 227 243 187 131 22 27 196 55 65 177 6 162 205 70 128 72 200 126 71 169 26 234 164 251 42 
138 36 174 4 63 146 231 51 78 108 200 232 176 127 169 99 134 76 176 204 204 248 21 203 191 190 101 43 100 224 212 238 5 132 242 195 23 90 119 228 70 64 77 247 192 247 218 198 68 139 19 145 5 40 220 196 230 66 111 202 163 69 185 40 201 44 236 96 7 100 196 77 36 18 69 228 137 32 171 206 44 190 223 49 102 188 117 78 254 229 25 34 170 83 75 116 127 56 212 6 28 25 84 64 43 25 165 53 185 81 4 229 144 227 150 246 32 139 196 31 240 222 66 155 50 13 16 49 
69 100 56 224 252 12 33 168 37 70 221 222 24 97 68 40 69 90 31 228 230 100 131 215 67 197 243 244 82 131 165 151 104 93 247 101 105 153 14 15 223 235 237 247 77 178 32 18 13 191 246 243 36 123 76 230 192 64 91 20 67 128 43 171 94 163 18 71 61 159 86 156 140 196 149 89 119 53 235 132 116 226 248 24 221 196 126 31 132 89 178 199 218 221 116 57 1 6 128 62 165 87 219 177 28 240 12 19 165 247 151 154 90 16 178 57 212 177 215 89 11 138 34 229 231 22 158 233 
28 32 167 193 246 131 116 19 243 0 38 26 247 61 180 82 205 103 11 162 25 226 252 164 236 158 138 213 180 42 191 208 201 103 146 64 107 134 83 222 134 248 248 253 181 173 208 131 149 219 166 46 63 163 210 44 66 94 129 246 8 65 71 81 41 89 145 148 224 100 115 230 220 236 229 146 154 182 150 48 18 61 95 81 96 50 253 34 16 127 25 151 65 223 232 106 57 122 126 26 94 113 2 59 94 231 78 121 30 228 169 48 161 136 130 2 59 0 36 75 254 188 99 64 156 76 42 85 
71 40 112 165 26 241 97 120 89 175 241 119 20 28 167 181 36 169 55 95 41 218 43 41 151 142 232 179 218 20 9 161 187 248 72 213 106 41 206 67 216 192 186 236 92 226 34 129 12 89 224 54 52 12 222 75 26 199 126 245 91 7 151 24 1 95 237 234 136 188 47 224 253 105 77 90 203 111 91 88 200 188 142 124 200 109 71 227 180 197 89 17 205 112 41 78 80 150 184 88 211 231 185 209 209 7 171 29 119 8 117 191 196 131 61 13 112 4 112 38 202 73 182 24 58 223 102 138 
245 31 98 201 135 28 155 216 36 199 245 27 207 235 218 20 111 151 160 224 156 145 134 230 218 61 254 21 156 101 31 146 4 2 93 139 30 120 227 193 64 90 220 143 70 184 163 181 80 196 22 108 86 156 83 49 89 82 198 245 55 229 137 60 231 230 71 134 222 44 72 32 134 38 175 76 94 211 2 46 152 152 155 238 180 110 159 15 193 102 5 120 204 142 180 52 244 124 58 212 40 131 116 46 41 163 122 7 119 251 53 143 148 80 126 74 191 158 89 1 5 221 121 81 109 174 6 225 
43 64 54 83 67 170 129 235 206 123 242 70 119 41 214 13 121 212 214 57 115 175 185 248 141 52 201 122 226 207 93 141 17 19 224 211 62 225 192 13 93 179 83 84 220 169 224 214 127 183 143 114 103 74 107 117 253 54 239 96 133 204 237 22 224 206 234 158 48 171 171 13 222 126 97 60 41 67 19 40 250 34 154 226 108 134 88 233 60 199 74 193 149 56 216 118 134 67 148 182 110 64 67 77 190 165 137 103 232 28 15 99 63 42 197 43 176 157 22 236 102 96 46 251 25 7 241 159 
